# values
0.01 0.04 0.18 0.40 0.81
0.04 0.18 0.40 0.81 2.01
0.18 0.40 0.81 2.01 6.02
0.40 0.81 2.01 6.02 11.43
0.81 2.01 6.02 11.43 17.42
0.05 0.25 1.00 2.04 4.01
0.25 1.00 2.04 4.01 8.02
1.00 2.04 4.01 8.02 13.43
2.04 4.01 8.02 13.43 19.42
4.01 8.02 13.43 19.42 27.12
0.17 0.71 2.68 5.25 10.02
0.71 2.68 5.25 10.02 15.43
2.68 5.25 10.02 15.43 21.42
5.25 10.02 15.43 21.42 29.12
10.02 15.43 21.42 29.12 38.49
0.35 1.33 4.85 9.29 17.43
1.33 4.85 9.29 17.43 23.42
4.85 9.29 17.43 23.42 31.12
9.29 17.43 23.42 31.12 40.49
17.43 23.42 31.12 40.49 46.33
0.53 2.85 7.29 15.43 24.23
2.85 7.29 15.43 24.23 32.25
7.29 15.43 24.23 32.25 42.49
15.43 24.23 32.25 42.49 48.33
24.23 32.25 42.49 48.33 50.13
0.85 5.29 13.43 22.23 30.25
5.29 13.43 22.23 30.25 40.49
13.43 22.23 30.25 40.49 50.33
22.23 30.25 40.49 50.33 52.13
30.25 40.49 50.33 52.13 53.62
3.29 11.43 20.23 28.25 38.49
11.43 20.23 28.25 38.49 48.33
20.23 28.25 38.49 48.33 53.98
28.25 38.49 48.33 53.98 55.59
38.49 48.33 53.98 55.59 56.88
9.43 18.23 26.25 36.49 46.33
18.23 26.25 36.49 46.33 51.98
26.25 36.49 46.33 51.98 53.59
36.49 46.33 51.98 53.59 54.88
46.33 51.98 53.59 54.88 55.68
16.23 24.25 34.49 44.33 49.98
24.25 34.49 44.33 49.98 51.59
34.49 44.33 49.98 51.59 52.88
44.33 49.98 51.59 52.88 53.68
49.98 51.59 52.88 53.68 50.30
22.25 32.49 42.33 47.98 49.59
32.49 42.33 47.98 49.59 50.88
42.33 47.98 49.59 50.88 51.68
47.98 49.59 50.88 51.68 48.30
49.59 50.88 51.68 48.30 41.51
