# values
0.01 0.05 0.22 0.49 1.03 3.01 8.55 16.15 26.20 34.57
0.05 0.22 0.49 1.03 3.01 8.55 16.15 26.20 40.31 51.85
0.22 0.49 1.03 3.01 8.55 16.15 26.20 40.31 57.38 73.12
0.49 1.03 3.01 8.55 16.15 26.20 40.31 57.38 73.12 91.87
1.03 3.01 8.55 16.15 26.20 40.31 57.38 73.12 91.87 113.66
3.01 8.55 16.15 26.20 40.31 57.38 73.12 91.87 113.66 131.52
8.55 16.15 26.20 40.31 57.38 73.12 91.87 113.66 131.52 150.70
16.15 26.20 40.31 57.38 73.12 91.87 113.66 131.52 150.70 166.38
26.20 40.31 57.38 73.12 91.87 113.66 131.52 150.70 166.38 182.10
34.57 51.85 73.12 91.87 113.66 131.52 150.70 166.38 182.10 193.52
0.07 0.30 1.19 2.49 5.01 10.55 18.15 28.20 42.31 53.85
0.30 1.19 2.49 5.01 10.55 18.15 28.20 42.31 59.38 75.12
1.19 2.49 5.01 10.55 18.15 28.20 42.31 59.38 75.12 93.87
2.49 5.01 10.55 18.15 28.20 42.31 59.38 75.12 93.87 115.66
5.01 10.55 18.15 28.20 42.31 59.38 75.12 93.87 115.66 133.52
10.55 18.15 28.20 42.31 59.38 75.12 93.87 115.66 133.52 152.89
18.15 28.20 42.31 59.38 75.12 93.87 115.66 133.52 152.89 173.81
28.20 42.31 59.38 75.12 93.87 115.66 133.52 152.89 173.81 190.51
42.31 59.38 75.12 93.87 115.66 133.52 152.89 173.81 190.51 207.03
53.85 75.12 93.87 115.66 133.52 152.89 173.81 190.51 207.03 218.56
0.21 0.84 3.17 6.38 12.55 20.15 30.20 44.31 61.38 77.12
0.84 3.17 6.38 12.55 20.15 30.20 44.31 61.38 77.12 95.87
3.17 6.38 12.55 20.15 30.20 44.31 61.38 77.12 95.87 117.66
6.38 12.55 20.15 30.20 44.31 61.38 77.12 95.87 117.66 135.52
12.55 20.15 30.20 44.31 61.38 77.12 95.87 117.66 135.52 154.89
20.15 30.20 44.31 61.38 77.12 95.87 117.66 135.52 154.89 175.81
30.20 44.31 61.38 77.12 95.87 117.66 135.52 154.89 175.81 192.67
44.31 61.38 77.12 95.87 117.66 135.52 154.89 175.81 192.67 209.72
61.38 77.12 95.87 117.66 135.52 154.89 175.81 192.67 209.72 226.38
77.12 95.87 117.66 135.52 154.89 175.81 192.67 209.72 226.38 237.50
0.42 1.59 5.81 11.45 22.15 32.20 46.31 63.38 79.12 97.87
1.59 5.81 11.45 22.15 32.20 46.31 63.38 79.12 97.87 119.66
5.81 11.45 22.15 32.20 46.31 63.38 79.12 97.87 119.66 137.52
11.45 22.15 32.20 46.31 63.38 79.12 97.87 119.66 137.52 156.89
22.15 32.20 46.31 63.38 79.12 97.87 119.66 137.52 156.89 177.81
32.20 46.31 63.38 79.12 97.87 119.66 137.52 156.89 177.81 194.67
46.31 63.38 79.12 97.87 119.66 137.52 156.89 177.81 194.67 211.72
63.38 79.12 97.87 119.66 137.52 156.89 177.81 194.67 211.72 228.38
79.12 97.87 119.66 137.52 156.89 177.81 194.67 211.72 228.38 242.32
97.87 119.66 137.52 156.89 177.81 194.67 211.72 228.38 242.32 252.71
0.65 3.81 9.45 20.15 31.81 45.82 65.38 81.12 99.87 121.66
3.81 9.45 20.15 31.81 45.82 65.38 81.12 99.87 121.66 139.52
9.45 20.15 31.81 45.82 65.38 81.12 99.87 121.66 139.52 158.89
20.15 31.81 45.82 65.38 81.12 99.87 121.66 139.52 158.89 179.81
31.81 45.82 65.38 81.12 99.87 121.66 139.52 158.89 179.81 196.67
45.82 65.38 81.12 99.87 121.66 139.52 158.89 179.81 196.67 213.72
65.38 81.12 99.87 121.66 139.52 158.89 179.81 196.67 213.72 230.38
81.12 99.87 121.66 139.52 158.89 179.81 196.67 213.72 230.38 244.32
99.87 121.66 139.52 158.89 179.81 196.67 213.72 230.38 244.32 256.10
121.66 139.52 158.89 179.81 196.67 213.72 230.38 244.32 256.10 265.55
1.81 7.45 18.15 29.81 43.82 63.38 81.96 101.07 123.66 141.52
7.45 18.15 29.81 43.82 63.38 81.96 101.07 123.66 141.52 160.89
18.15 29.81 43.82 63.38 81.96 101.07 123.66 141.52 160.89 181.81
29.81 43.82 63.38 81.96 101.07 123.66 141.52 160.89 181.81 198.67
43.82 63.38 81.96 101.07 123.66 141.52 160.89 181.81 198.67 215.72
63.38 81.96 101.07 123.66 141.52 160.89 181.81 198.67 215.72 232.38
81.96 101.07 123.66 141.52 160.89 181.81 198.67 215.72 232.38 246.32
101.07 123.66 141.52 160.89 181.81 198.67 215.72 232.38 246.32 258.10
123.66 141.52 160.89 181.81 198.67 215.72 232.38 246.32 258.10 268.28
141.52 160.89 181.81 198.67 215.72 232.38 246.32 258.10 268.28 276.63
5.45 16.15 27.81 41.82 61.38 79.96 99.07 121.66 143.21 162.89
16.15 27.81 41.82 61.38 79.96 99.07 121.66 143.21 162.89 183.81
27.81 41.82 61.38 79.96 99.07 121.66 143.21 162.89 183.81 200.67
41.82 61.38 79.96 99.07 121.66 143.21 162.89 183.81 200.67 217.72
61.38 79.96 99.07 121.66 143.21 162.89 183.81 200.67 217.72 234.38
79.96 99.07 121.66 143.21 162.89 183.81 200.67 217.72 234.38 248.32
99.07 121.66 143.21 162.89 183.81 200.67 217.72 234.38 248.32 260.10
121.66 143.21 162.89 183.81 200.67 217.72 234.38 248.32 260.10 270.28
143.21 162.89 183.81 200.67 217.72 234.38 248.32 260.10 270.28 278.95
162.89 183.81 200.67 217.72 234.38 248.32 260.10 270.28 278.95 286.05
14.15 25.81 39.82 59.38 77.96 97.07 119.66 141.21 160.89 181.81
25.81 39.82 59.38 77.96 97.07 119.66 141.21 160.89 181.81 202.67
39.82 59.38 77.96 97.07 119.66 141.21 160.89 181.81 202.67 219.72
59.38 77.96 97.07 119.66 141.21 160.89 181.81 202.67 219.72 236.38
77.96 97.07 119.66 141.21 160.89 181.81 202.67 219.72 236.38 250.32
97.07 119.66 141.21 160.89 181.81 202.67 219.72 236.38 250.32 262.10
119.66 141.21 160.89 181.81 202.67 219.72 236.38 250.32 262.10 272.28
141.21 160.89 181.81 202.67 219.72 236.38 250.32 262.10 272.28 280.95
160.89 181.81 202.67 219.72 236.38 250.32 262.10 272.28 280.95 288.05
181.81 202.67 219.72 236.38 250.32 262.10 272.28 280.95 288.05 293.61
23.81 37.82 57.38 75.96 95.07 117.66 139.21 158.89 179.81 200.67
37.82 57.38 75.96 95.07 117.66 139.21 158.89 179.81 200.67 218.98
57.38 75.96 95.07 117.66 139.21 158.89 179.81 200.67 218.98 235.93
75.96 95.07 117.66 139.21 158.89 179.81 200.67 218.98 235.93 252.32
95.07 117.66 139.21 158.89 179.81 200.67 218.98 235.93 252.32 264.10
117.66 139.21 158.89 179.81 200.67 218.98 235.93 252.32 264.10 274.28
139.21 158.89 179.81 200.67 218.98 235.93 252.32 264.10 274.28 282.95
158.89 179.81 200.67 218.98 235.93 252.32 264.10 274.28 282.95 290.05
179.81 200.67 218.98 235.93 252.32 264.10 274.28 282.95 290.05 295.61
200.67 218.98 235.93 252.32 264.10 274.28 282.95 290.05 295.61 299.36
35.82 55.38 73.96 93.07 115.66 137.21 156.89 177.81 198.67 216.98
55.38 73.96 93.07 115.66 137.21 156.89 177.81 198.67 216.98 233.93
73.96 93.07 115.66 137.21 156.89 177.81 198.67 216.98 233.93 250.32
93.07 115.66 137.21 156.89 177.81 198.67 216.98 233.93 250.32 266.10
115.66 137.21 156.89 177.81 198.67 216.98 233.93 250.32 266.10 276.28
137.21 156.89 177.81 198.67 216.98 233.93 250.32 266.10 276.28 284.95
156.89 177.81 198.67 216.98 233.93 250.32 266.10 276.28 284.95 292.05
177.81 198.67 216.98 233.93 250.32 266.10 276.28 284.95 292.05 297.61
198.67 216.98 233.93 250.32 266.10 276.28 284.95 292.05 297.61 301.36
216.98 233.93 250.32 266.10 276.28 284.95 292.05 297.61 301.36 302.81
47.83 71.96 91.07 113.66 135.21 154.89 175.81 196.67 214.98 231.93
71.96 91.07 113.66 135.21 154.89 175.81 196.67 214.98 231.93 248.32
91.07 113.66 135.21 154.89 175.81 196.67 214.98 231.93 248.32 264.10
113.66 135.21 154.89 175.81 196.67 214.98 231.93 248.32 264.10 278.28
135.21 154.89 175.81 196.67 214.98 231.93 248.32 264.10 278.28 286.95
154.89 175.81 196.67 214.98 231.93 248.32 264.10 278.28 286.95 294.05
175.81 196.67 214.98 231.93 248.32 264.10 278.28 286.95 294.05 299.61
196.67 214.98 231.93 248.32 264.10 278.28 286.95 294.05 299.61 303.36
214.98 231.93 248.32 264.10 278.28 286.95 294.05 299.61 303.36 304.81
231.93 248.32 264.10 278.28 286.95 294.05 299.61 303.36 304.81 302.64
58.24 86.08 107.77 133.21 152.89 173.81 194.67 212.98 229.93 246.27
86.08 107.77 133.21 152.89 173.81 194.67 212.98 229.93 246.32 262.10
107.77 133.21 152.89 173.81 194.67 212.98 229.93 246.32 262.10 276.28
133.21 152.89 173.81 194.67 212.98 229.93 246.32 262.10 276.28 288.95
152.89 173.81 194.67 212.98 229.93 246.32 262.10 276.28 288.95 296.05
173.81 194.67 212.98 229.93 246.32 262.10 276.28 288.95 296.05 301.61
194.67 212.98 229.93 246.32 262.10 276.28 288.95 296.05 301.61 305.36
212.98 229.93 246.32 262.10 276.28 288.95 296.05 301.61 305.36 306.81
229.93 246.32 262.10 276.28 288.95 296.05 301.61 305.36 306.81 304.64
246.27 262.10 276.28 288.95 296.05 301.61 305.36 306.81 304.64 297.08
67.68 98.65 122.34 149.91 170.74 192.67 210.98 227.93 244.27 259.20
98.65 122.34 149.91 170.74 192.67 210.98 227.93 244.32 260.10 274.28
122.34 149.91 170.74 192.67 210.98 227.93 244.32 260.10 274.28 286.95
149.91 170.74 192.67 210.98 227.93 244.32 260.10 274.28 286.95 297.93
170.74 192.67 210.98 227.93 244.32 260.10 274.28 286.95 297.93 303.61
192.67 210.98 227.93 244.32 260.10 274.28 286.95 297.93 303.61 307.36
210.98 227.93 244.32 260.10 274.28 286.95 297.93 303.61 307.36 308.81
227.93 244.32 260.10 274.28 286.95 297.93 303.61 307.36 308.81 306.64
244.27 260.10 274.28 286.95 297.93 303.61 307.36 308.81 306.64 299.08
259.20 274.28 286.95 297.93 303.61 307.36 308.81 306.64 299.08 284.78
76.73 110.48 135.79 165.01 186.51 208.98 225.93 242.27 257.20 270.82
110.48 135.79 165.01 186.51 208.98 225.93 242.32 258.10 272.28 284.95
135.79 165.01 186.51 208.98 225.93 242.32 258.10 272.28 284.95 295.93
165.01 186.51 208.98 225.93 242.32 258.10 272.28 284.95 295.93 304.68
186.51 208.98 225.93 242.32 258.10 272.28 284.95 295.93 304.68 308.78
208.98 225.93 242.32 258.10 272.28 284.95 295.93 304.68 308.78 310.81
225.93 242.32 258.10 272.28 284.95 295.93 304.68 308.78 310.81 308.64
242.27 258.10 272.28 284.95 295.93 304.68 308.78 310.81 308.64 301.08
257.20 272.28 284.95 295.93 304.68 308.78 310.81 308.64 301.08 286.78
270.82 284.95 295.93 304.68 308.78 310.81 308.64 301.08 286.78 271.16
85.63 121.96 148.62 179.18 201.04 223.70 240.27 255.20 268.82 280.91
121.96 148.62 179.18 201.04 223.70 240.27 256.10 270.28 282.95 293.93
148.62 179.18 201.04 223.70 240.27 256.10 270.28 282.95 293.93 302.68
179.18 201.04 223.70 240.27 256.10 270.28 282.95 293.93 302.68 308.10
201.04 223.70 240.27 256.10 270.28 282.95 293.93 302.68 308.10 310.48
223.70 240.27 256.10 270.28 282.95 293.93 302.68 308.10 310.48 310.64
240.27 256.10 270.28 282.95 293.93 302.68 308.10 310.48 310.64 303.08
255.20 270.28 282.95 293.93 302.68 308.10 310.48 310.64 303.08 288.78
268.82 282.95 293.93 302.68 308.10 310.48 310.64 303.08 288.78 273.16
280.91 293.93 302.68 308.10 310.48 310.64 303.08 288.78 273.16 255.65
94.38 133.15 160.96 192.64 214.62 237.24 253.20 266.82 278.91 288.97
133.15 160.96 192.64 214.62 237.24 253.20 268.28 280.95 291.93 300.68
160.96 192.64 214.62 237.24 253.20 268.28 280.95 291.93 300.68 306.10
192.64 214.62 237.24 253.20 268.28 280.95 291.93 300.68 306.10 308.48
214.62 237.24 253.20 268.28 280.95 291.93 300.68 306.10 308.48 308.64
237.24 253.20 268.28 280.95 291.93 300.68 306.10 308.48 308.64 305.08
253.20 268.28 280.95 291.93 300.68 306.10 308.48 308.64 305.08 290.78
266.82 280.95 291.93 300.68 306.10 308.48 308.64 305.08 290.78 275.16
278.91 291.93 300.68 306.10 308.48 308.64 305.08 290.78 275.16 257.65
288.97 300.68 306.10 308.48 308.64 305.08 290.78 275.16 257.65 231.03
102.84 143.88 172.71 205.31 227.25 249.63 264.82 276.91 286.97 293.92
143.88 172.71 205.31 227.25 249.63 264.82 278.95 289.93 298.68 304.10
172.71 205.31 227.25 249.63 264.82 278.95 289.93 298.68 304.10 306.48
205.31 227.25 249.63 264.82 278.95 289.93 298.68 304.10 306.48 306.64
227.25 249.63 264.82 278.95 289.93 298.68 304.10 306.48 306.64 303.08
249.63 264.82 278.95 289.93 298.68 304.10 306.48 306.64 303.08 291.49
264.82 278.95 289.93 298.68 304.10 306.48 306.64 303.08 291.49 276.17
276.91 289.93 298.68 304.10 306.48 306.64 303.08 291.49 276.17 259.65
286.97 298.68 304.10 306.48 306.64 303.08 291.49 276.17 259.65 233.03
293.92 304.10 306.48 306.64 303.08 291.49 276.17 259.65 233.03 199.67
110.79 153.92 183.60 216.96 238.70 260.67 274.91 284.97 291.92 296.29
153.92 183.60 216.96 238.70 260.67 274.91 287.93 296.68 302.10 304.48
183.60 216.96 238.70 260.67 274.91 287.93 296.68 302.10 304.48 304.64
216.96 238.70 260.67 274.91 287.93 296.68 302.10 304.48 304.64 301.08
238.70 260.67 274.91 287.93 296.68 302.10 304.48 304.64 301.08 289.49
260.67 274.91 287.93 296.68 302.10 304.48 304.64 301.08 289.49 274.17
274.91 287.93 296.68 302.10 304.48 304.64 301.08 289.49 274.17 257.65
284.97 296.68 302.10 304.48 304.64 301.08 289.49 274.17 257.65 235.03
291.92 302.10 304.48 304.64 301.08 289.49 274.17 257.65 235.03 201.67
296.29 304.48 304.64 301.08 289.49 274.17 257.65 235.03 201.67 172.06
117.91 162.85 193.21 227.09 248.47 269.85 282.97 289.92 294.29 294.50
162.85 193.21 227.09 248.47 269.85 282.97 294.68 300.10 302.48 300.82
193.21 227.09 248.47 269.85 282.97 294.68 300.10 302.48 302.64 299.08
227.09 248.47 269.85 282.97 294.68 300.10 302.48 302.64 299.08 287.49
248.47 269.85 282.97 294.68 300.10 302.48 302.64 299.08 287.49 272.17
269.85 282.97 294.68 300.10 302.48 302.64 299.08 287.49 272.17 255.65
282.97 294.68 300.10 302.48 302.64 299.08 287.49 272.17 255.65 233.03
289.92 300.10 302.48 302.64 299.08 287.49 272.17 255.65 233.03 200.36
294.29 302.48 302.64 299.08 287.49 272.17 255.65 233.03 200.36 171.16
294.50 300.82 299.08 287.49 272.17 255.65 233.03 200.36 171.16 145.35
123.63 169.93 200.66 234.74 255.54 276.09 287.92 292.29 292.50 284.56
169.93 200.66 234.74 255.54 276.09 287.92 298.10 300.48 298.82 288.97
200.66 234.74 255.54 276.09 287.92 298.10 300.48 300.64 297.08 285.49
234.74 255.54 276.09 287.92 298.10 300.48 300.64 297.08 285.49 270.17
255.54 276.09 287.92 298.10 300.48 300.64 297.08 285.49 270.17 253.65
276.09 287.92 298.10 300.48 300.64 297.08 285.49 270.17 253.65 231.03
287.92 298.10 300.48 300.64 297.08 285.49 270.17 253.65 231.03 198.36
292.29 300.48 300.64 297.08 285.49 270.17 253.65 231.03 198.36 169.16
292.50 298.82 297.08 285.49 270.17 253.65 231.03 198.36 169.16 143.35
284.56 288.97 285.49 270.17 253.65 231.03 198.36 169.16 143.35 113.53
